  1 1  0 103 1  50 0
  2 1  0 105 3  59 0
  3 1  0  89 1  77 0
  4 1  0 102 1  77 0
  5 1  0  97 1  84 0
  6 1  0  96 5  87 0
  7 1  0  95 1 106 0
  8 1  0 100 1 106 0
  9 1  0  95 3 111 0
 10 1  0  88 5 111 0
 11 1  0  87 3 111 0
 12 1  0  98 4 112 0
 13 1  0  96 5 114 0
 14 1  0  90 2 114 0
 15 1  0  91 5 119 0
 16 1  0  87 4 120 0
 17 1  0  96 1 123 0
 18 1  0  90 1 124 0
 19 1  0  93 4  98 1
 20 1  0 103 5 108 1
 21 1  .1  97 4  78 0
 22 1  .1  89 2  82 0
 23 1  .1  93 4  83 0
 24 1  .1 101 4  98 0
 25 1  .1  99 2  99 0
 25 1  .1  94 2 101 0
 26 1  .1  90 2 103 0
 27 1  .1  94 2 105 0
 28 1  .1 105 1 106 0
 29 1  .1 100 3 108 0
 30 1  .1  86 3 108 0
 31 1  .1  96 2 113 0
 32 1  .1  96 3 116 0
 33 1  .1  88 1 116 0
 34 1  .1  87 5 116 0
 35 1  .1  89 2 123 0
 36 1  .1 102 2 123 0
 37 1  .1 106 5 124 0
 38 1  .1  96 5 124 0
 39 1  .1  91 3 124 0
 40 1  .1 100 2 124 0
 41 1  .3  99 2  95 0
 42 1  .3  91 5  96 0
318 1  .3  97 2 100 0
 43 1  .3  96 4 103 0
 44 1  .3  94 1 103 0
 45 1  .3  90 2 104 0
 46 1  .3 107 4 109 0
 47 1  .3 101 1 110 0
 48 1  .3 100 5 113 0
 49 1  .3 103 4 119 0
 50 1  .3  98 2 119 0
 51 1  .3 102 5 120 0
 52 1  .3  89 1 122 0
 53 1  .3  94 3 123 0
 54 1  .3  96 2 123 0
 55 1  .3  96 5 123 0
 56 1  .3  93 2 123 0
 57 1  .3  87 3 123 0
 58 1  .3  88 3 124 0
 59 1  .3  93 3 124 0
 60 1   1 104 3 124 0
 61 1   1 100 4 112 0
 62 1   1  92 1 114 0
 63 1   1  94 1 120 0
 64 1   1 105 3 122 0
 65 1   1  89 4 123 0
 66 1   1  91 3 123 0
 67 1   1  94 4 123 0
 68 1   1  96 3 123 0
 69 1   1 105 3 124 0
 70 1   1 103 1 124 0
 71 1   1  96 3  96 1
 72 1  3  86 4  87 0
 73 1  3  99 4  92 0
 74 1  3  91 2  94 0
 75 1  3 104 4 109 0
 76 1  3  90 4 109 0
 77 1  3  94 5 110 0
 78 1  3  90 3 112 0
 79 1  3  96 4 121 0
 80 1  3  99 5 123 0
 81 1  3  97 3 123 0
 82 1  3  93 4 123 0
 83 1  3  96 5 123 0
 84 1  3 104 3 123 0
 85 1  3  96 4 124 0
 86 1  3  91 4 124 0
 87 1  3  90 1  81 1
 88 1  3  97 2  81 1
 89 1  3 105 4 102 1
 90 1  3 100 1 105 1
 91 1 10 104 4  36 0
 92 1 10  94 3  41 0
 93 1 10 101 1  86 0
 94 1 10  96 1  94 0
 95 1 10  86 1 103 0
 96 1 10  91 3 103 0
 97 1 10  96 4 105 0
 98 1 10  89 1 106 0
 99 1 10  86 5 108 0
100 1 10 103 1 109 0
101 1 10  94 1 113 0
102 1 10  90 1 116 0
103 1 10 102 3 117 0
104 1 10  99 5  34 1
105 1 10  96 1  74 1
106 1 10  95 2  98 1
107 1 10 100 2 104 1
108 1 10  96 3 112 1
109 1 10  97 5 115 1
110 1 10  88 4 118 1
111 0  0 124 2  75 0
112 0  0 144 3 100 0
113 0  0 108 5 101 0
114 0  0 136 5 102 0
115 0  0 132 2 104 0
116 0  0 119 5 106 0
117 0  0 119 2 107 0
118 0  0 106 4 108 0
119 0  0 111 2 108 0
120 0  0 125 5 109 0
121 0  0 113 5 111 0
122 0  0 105 2 111 0
123 0  0 111 1 111 0
124 0  0 103 2 111 0
125 0  0 131 4 112 0
126 0  0 129 2 113 0
127 0  0 109 2 116 0
128 0  0 130 2 117 0
129 0  0 124 1 119 0
130 0  0 116 2 121 0
131 0  0 123 4 122 0
132 0  0 118 5 122 0
133 0  0  99 1 123 0
134 0  0 115 2 123 0
135 0  0 123 2 123 0
136 0  0 122 3  71 1
137 0  0 128 4  71 1
138 0  0 124 3  84 1
139 0  0 109 3 103 1
140 0  0 121 4 118 1
141 0  0 138 1 122 1
142 0  0 113 5 123 1
143 0  0 104 4 123 1
144 0 .1 129 4  54 0
145 0 .1 108 3  87 0
146 0 .1 133 3  89 0
147 0 .1 107 1 101 0
148 0 .1 106 3 102 0
149 0 .1 120 3 102 0
150 0 .1 132 4 103 0
151 0 .1 126 4 105 0
152 0 .1 127 2 105 0
153 0 .1 130 2 107 0
154 0 .1 131 3 107 0
155 0 .1 120 1 107 0
156 0 .1 116 4 108 0
157 0 .1 125 1 108 0
158 0 .1 126 2 108 0
159 0 .1 111 5 110 0
160 0 .1 124 3 110 0
161 0 .1 117 4 111 0
162 0 .1 114 3 112 0
163 0 .1 141 2 112 0
164 0 .1 128 2 113 0
165 0 .1 111 5 117 0
166 0 .1 116 1 118 0
167 0 .1 121 2 118 0
168 0 .1 105 2 122 0
169 0 .1 113 4 122 0
170 0 .1 107 2 123 0
171 0 .1 115 2 123 0
172 0 .1 118 2 123 0
173 0 .1 111 3 123 0
174 0 .1 125 1  77 1
175 0 .1 115 3  81 1
176 0 .1 116 5  94 1
177 0 .1 122 2  99 1
178 0 .1 124 5 100 1
179 0 .1 114 2 102 1
180 0 .1 124 2 108 1
181 0 .1 123 3 112 1
182 0 .1 110 4 115 1
183 0 .3 123 1  85 0
184 0 .3 105 3  90 0
185 0 .3 137 5  93 0
186 0 .3 112 5  94 0
187 0 .3 121 3  95 0
188 0 .3 122 3  99 0
189 0 .3 129 3 104 0
190 0 .3 116 2 105 0
191 0 .3 125 2 105 0
192 0 .3 111 3 105 0
193 0 .3 114 1 106 0
194 0 .3 109 5 106 0
195 0 .3 130 3 107 0
196 0 .3 128 1 107 0
197 0 .3 105 5 108 0
198 0 .3 124 4 109 0
199 0 .3 147 1 110 0
200 0 .3 124 5 111 0
201 0 .3 106 4 112 0
202 0 .3 120 1 112 0
203 0 .3 126 5 112 0
204 0 .3 120 1 112 0
205 0 .3 117 4 113 0
206 0 .3 109 1 113 0
207 0 .3 132 1 113 0
208 0 .3 125 4 113 0
209 0 .3 126 1 115 0
210 0 .3 101 5 116 0
211 0 .3 127 2 116 0
212 0 .3 116 5  78 1
213 0 .3 119 2  87 1
214 0 .3 112 3  94 1
215 0 .3 103 4  97 1
216 0 .3 119 5  99 1
217 0 .3 117 4 106 1
218 0 .3 107 3 106 1
219 0 .3 133 3 108 1
220 0 .3 119 5 111 1
221 0 .3 129 5 113 1
222 0  1 125 4  69 0
223 0  1 129 3  79 0
224 0  1 124 2  80 0
225 0  1 122 5  85 0
226 0  1 108 3  90 0
227 0  1 127 3  90 0
228 0  1 126 1  91 0
229 0  1 117 3  94 0
230 0  1 126 3  97 0
231 0  1 106 5  97 0
232 0  1 107 2 100 0
233 0  1 119 4 103 0
234 0  1 111 2 107 0
235 0  1 133 2 107 0
236 0  1 123 1 110 0
237 0  1 111 1 112 0
238 0  1 119 2 117 0
239 0  1 121 2 118 0
240 0  1 105 1  76 1
241 0  1 121 2  86 1
242 0  1 109 2  87 1
243 0  1 140 2  88 1
244 0  1 114 1  91 1
245 0  1 131 5  92 1
246 0  1 123 2  97 1
247 0  1 109 2  98 1
248 0  1 115 4 101 1
249 0  1 129 1 102 1
250 0  1 127 1 106 1
251 0  1 132 2 111 1
252 0  1 100 2 112 1
253 0  3 123 1  62 0
254 0  3 123 4  83 0
255 0  3 126 1  85 0
256 0  3 122 1  87 0
257 0  3 106 1  92 0
258 0  3 115 1  94 0
259 0  3 116 4  95 0
260 0  3 118 3  98 0
261 0  3 114 1  99 0
262 0  3 119 5 100 0
263 0  3 123 3 100 0
264 0  3 121 2 102 0
265 0  3 117 1 103 0
266 0  3 142 1 104 0
267 0  3 128 2 105 0
268 0  3 126 1 108 0
269 0  3 110 4 108 0
270 0  3 112 1 112 0
271 0  3 105 2 112 0
272 0  3 131 5 112 0
273 0  3 112 3  77 1
274 0  3 109 4  85 1
275 0  3 114 5  93 1
276 0  3 104 3  93 1
277 0  3 132 1  95 1
278 0  3 124 4  96 1
279 0  3 128 1  96 1
280 0  3 108 5  98 1
281 0  3 100 3  98 1
282 0  3 130 3  98 1
283 0  3 113 4  98 1
284 0  3 104 1 102 1
285 0  3 134 1 103 1
286 0  3 128 3 104 1
287 0 10 106 1  42 0
288 0 10 119 1  73 0
289 0 10 124 4  77 0
290 0 10 129 4  84 0
291 0 10 117 5  84 0
292 0 10 122 3  85 0
293 0 10 115 4  86 0
294 0 10 120 5  87 0
295 0 10 114 3  90 0
296 0 10 118 2  91 0
297 0 10 143 4  92 0
298 0 10 121 4  92 0
299 0 10 116 4  94 0
300 0 10 108 4  94 0
301 0 10 113 5  95 0
302 0 10 126 5  94 0
303 0 10 129 2  95 0
304 0 10 114 4  97 0
305 0 10 128 4  97 0
306 0 10 112 2 101 0
307 0 10 125 1 101 0
308 0 10 111 1 103 0
309 0 10  97 4  44 1
310 0 10 136 1  74 1
311 0 10 140 4  81 1
312 0 10 130 3  82 1
313 0 10 108 3  87 1
314 0 10 115 5  94 1
315 0 10 117 5  96 1
316 0 10 110 4  99 1
317 0 10 123 4 101 1
